[259, 260, 260, 260, 274, 174, 241, 226, 192, 192, 226, 240, 239, 297, 298, 230, 163, 163, 122, 135, 121, 69, 74, 79, 83, 84, 140, 208, 88, 109, 42, 23, 10, 10, 9, 9, 9, 9, 25, 25, 6, 6, 26, 45, 107, 89, 208, 89, 90, 105, 47, 48, 94, 55, 147, 186, 214, 220, 247, 221, 289, 245, 244, 243, 191, 208, 243, 177, 291, 277, 257, 257, 257, 257]
[259, 260, 260, 260, 274, 174, 241, 226, 192, 192, 226, 240, 239, 297, 298, 230, 163, 163, 122, 135, 121, 69, 74, 79, 83, 84, 140, 208, 88, 109, 42, 23, 10, 10, 9, 9, 9, 9, 25, 25, 6, 6, 26, 45, 107, 89, 208, 89, 90, 105, 47, 48, 94, 55, 147, 186, 214, 220, 247, 221, 289, 245, 244, 243, 191, 208, 243, 177, 291, 277, 257, 257, 257, 257]
[259, 260, 260, 260, 274, 174, 241, 226, 192, 192, 226, 240, 239, 297, 298, 230, 163, 163, 122, 135, 121, 69, 74, 79, 83, 84, 140, 208, 88, 109, 42, 23, 10, 10, 9, 9, 9, 9, 25, 25, 6, 6, 26, 45, 107, 89, 208, 89, 90, 105, 47, 48, 94, 55, 147, 186, 214, 220, 247, 221, 289, 245, 244, 243, 191, 208, 243, 177, 291, 277, 257, 257, 257, 257]
[259, 260, 260, 260, 274, 174, 241, 226, 192, 192, 226, 240, 239, 297, 298, 230, 163, 163, 122, 135, 121, 69, 74, 79, 83, 84, 140, 208, 88, 109, 42, 23, 10, 10, 9, 9, 9, 9, 25, 25, 6, 6, 26, 45, 107, 89, 208, 89, 90, 105, 47, 48, 94, 55, 147, 186, 214, 220, 247, 221, 289, 245, 244, 243, 191, 208, 243, 177, 291, 277, 257, 257, 257, 257]
[259, 260, 260, 260, 274, 174, 241, 226, 192, 192, 226, 240, 239, 297, 298, 230, 163, 163, 122, 135, 121, 69, 74, 79, 83, 84, 140, 208, 88, 109, 42, 23, 10, 10, 9, 9, 9, 9, 25, 25, 6, 6, 26, 45, 107, 89, 208, 89, 90, 105, 47, 48, 94, 55, 147, 186, 214, 220, 247, 221, 289, 245, 244, 243, 191, 208, 243, 177, 291, 277, 257, 257, 257, 257]
[259, 260, 260, 260, 274, 174, 241, 226, 192, 192, 226, 240, 239, 297, 298, 230, 163, 163, 122, 135, 121, 69, 74, 79, 83, 84, 140, 208, 88, 109, 42, 23, 10, 10, 9, 9, 9, 9, 25, 25, 6, 6, 26, 45, 107, 89, 208, 89, 90, 105, 47, 48, 94, 55, 147, 186, 214, 220, 247, 221, 289, 245, 244, 243, 191, 208, 243, 177, 291, 277, 257, 257, 257, 257]
[259, 260, 260, 260, 274, 174, 241, 226, 192, 192, 226, 240, 239, 297, 298, 230, 163, 163, 122, 135, 121, 69, 74, 79, 83, 84, 140, 208, 88, 109, 42, 23, 10, 10, 9, 9, 9, 9, 25, 25, 6, 6, 26, 45, 107, 89, 208, 89, 90, 105, 47, 48, 94, 55, 147, 186, 214, 220, 247, 221, 289, 245, 244, 243, 191, 208, 243, 177, 291, 277, 257, 257, 257, 257]
[259, 260, 260, 260, 274, 174, 241, 226, 192, 192, 226, 240, 239, 297, 298, 230, 163, 163, 122, 135, 121, 69, 74, 79, 83, 84, 140, 208, 88, 109, 42, 23, 10, 10, 9, 9, 9, 9, 25, 25, 6, 6, 26, 45, 107, 89, 208, 89, 90, 105, 47, 48, 94, 55, 147, 186, 214, 220, 247, 221, 289, 245, 244, 243, 191, 208, 243, 177, 291, 277, 257, 257, 257, 257]
[259, 260, 260, 260, 274, 174, 241, 226, 192, 192, 226, 240, 239, 297, 298, 230, 163, 163, 122, 135, 121, 69, 74, 79, 83, 84, 140, 208, 88, 109, 42, 23, 10, 10, 9, 9, 9, 9, 25, 25, 6, 6, 26, 45, 107, 89, 208, 89, 90, 105, 47, 48, 94, 55, 147, 186, 214, 220, 247, 221, 289, 245, 244, 243, 191, 208, 243, 177, 291, 277, 257, 257, 257, 257]
[259, 260, 260, 260, 274, 174, 241, 226, 192, 192, 226, 240, 239, 297, 298, 230, 163, 163, 122, 135, 121, 69, 74, 79, 83, 84, 140, 208, 88, 109, 42, 23, 10, 10, 9, 9, 9, 9, 25, 25, 6, 6, 26, 45, 107, 89, 208, 89, 90, 105, 47, 48, 94, 55, 147, 186, 214, 220, 247, 221, 289, 245, 244, 243, 191, 208, 243, 177, 291, 277, 257, 257, 257, 257]
