(590, 307)
(567, 307)
(527, 303)
(489, 303)
(454, 305)
(414, 303)
(376, 303)
(340, 305)
(310, 302)
(275, 303)
(240, 304)
(195, 295)
(166, 295)
(123, 295)
(80, 291)
(50, 298)
(9, 298)
(34, 250)
(73, 286)
(117, 291)
(153, 290)
(180, 292)
(223, 294)
(260, 296)
(288, 283)
(324, 287)
(369, 282)
(400, 278)
(433, 288)
(469, 288)
(499, 277)
(539, 298)
(583, 299)
(617, 292)
(560, 286)
(533, 273)
(483, 277)
(453, 262)
(413, 259)
(376, 271)
(337, 263)
(298, 234)
(261, 243)
(304, 227)
(336, 241)
(366, 237)
(405, 251)
(437, 248)
(469, 258)
(510, 252)
(611, 239)
(625, 211)
(616, 197)
(572, 211)
(539, 208)
(506, 199)
(475, 202)
(437, 210)
(397, 204)
(363, 198)
(333, 203)
(298, 196)
(272, 194)
(232, 204)
(208, 203)
(168, 188)
(144, 205)
(104, 215)
(127, 246)
(131, 216)
(138, 186)
(151, 239)
(162, 263)
(166, 239)
(147, 207)
(180, 200)
(181, 228)
(210, 263)
(192, 234)
(179, 201)
(206, 215)
(236, 249)
(220, 230)
(215, 209)
(249, 201)
(243, 222)
(277, 221)
(279, 202)
(299, 209)
(337, 219)
(371, 208)
(398, 214)
(427, 222)
(475, 220)
(499, 220)
(546, 228)
(570, 206)
(577, 228)
(583, 187)
(639, 203)
(607, 224)
(568, 239)
(532, 248)
(485, 249)
(454, 248)
(419, 241)
(386, 243)
(351, 234)
(329, 216)
(299, 239)
(266, 260)
(232, 270)
(201, 278)
(155, 260)
(125, 268)
(93, 227)
(138, 184)
(79, 211)
(83, 242)
(77, 256)
(60, 216)
(96, 187)
(75, 153)
(62, 201)
(54, 238)
(47, 271)
(32, 229)
(46, 196)
(49, 141)
(12, 189)
(20, 232)
(7, 253)
(0, 205)
(0, 163)
(51, 155)
(92, 182)
(137, 180)
(168, 183)
(208, 187)
(242, 183)
(278, 187)
(315, 191)
(350, 185)
(377, 190)
(417, 191)
(453, 183)
(489, 184)
(526, 192)
(563, 191)
(600, 175)
(607, 136)
(561, 156)
(523, 158)
(480, 157)
(439, 168)
(404, 154)
(366, 157)
(328, 166)
(289, 159)
(256, 161)
(219, 165)
(176, 154)
(141, 152)
(100, 161)
(59, 162)
(18, 156)
(25, 140)
(74, 129)
(96, 94)
(54, 38)
(96, 62)
(144, 74)
(182, 60)
(221, 62)
(255, 41)
(288, 80)
(328, 79)
(360, 90)
(405, 86)
(431, 58)
(460, 76)
(493, 88)
(539, 88)
(590, 77)
(604, 125)
(567, 159)
(533, 168)
(483, 180)
(447, 178)
(411, 171)
(377, 169)
(334, 178)
(296, 174)
(259, 158)
(223, 173)
(187, 172)
(151, 163)
(120, 180)
(72, 162)
(30, 139)
(37, 117)
(44, 135)
(76, 124)
(121, 138)
(167, 147)
(201, 137)
(234, 141)
(271, 151)
(314, 149)
(346, 144)
(381, 151)
(420, 152)
(457, 140)
(496, 153)
(533, 146)
(576, 139)
(606, 127)
(635, 87)
(593, 92)
(564, 113)
(523, 132)
(479, 132)
(442, 127)
(403, 125)
(363, 139)
(326, 116)
(288, 124)
(253, 129)
(208, 119)
(175, 128)
(129, 131)
(94, 111)
(47, 105)
(18, 89)
(19, 28)
(40, 67)
(80, 80)
(124, 104)
(166, 102)
(199, 99)
(237, 109)
(282, 106)
(313, 107)
(355, 113)
(394, 109)
(427, 110)
(465, 113)
(504, 110)
(531, 93)
(575, 122)
(596, 43)
(546, 52)
(531, 26)
(489, 24)
(456, 44)
(418, 39)
(395, 35)
(352, 43)
(322, 32)
(282, 22)
(260, 41)
(218, 31)
(181, 23)
(140, 32)
(109, 26)
(76, 25)
(46, 0)
(0, 33)
(46, 47)
(82, 37)
(120, 56)
(167, 61)
(192, 54)
(235, 50)
(263, 63)
(307, 53)
(335, 58)
(380, 66)
(408, 58)
(450, 32)
(470, 29)
(510, 56)
(537, 62)
(581, 74)
(625, 57)
(591, 64)
(551, 82)
(511, 87)
(474, 84)
(449, 91)
(407, 87)
(372, 74)
(348, 95)
(301, 72)
(283, 60)
(248, 89)
(218, 98)
(183, 97)
(149, 95)
(130, 64)
